20
0 44 72 91 65 24 21 61 26 86 65 54 7 47 50 51 4 79 4 99
44 0 48 41 31 30 24 29 23 63 99 35 29 85 24 91 33 20 89 8
72 48 0 39 23 68 52 81 53 84 71 69 4 27 26 52 46 88 97 86
91 41 39 0 49 27 11 70 24 18 67 62 16 64 89 51 68 89 78 8
65 31 23 49 0 47 61 2 53 8 16 44 46 10 55 44 80 8 63 71
24 30 68 27 47 0 27 86 83 48 25 30 6 49 67 18 5 21 28 32
21 24 52 11 61 27 0 41 32 4 68 49 30 59 78 37 12 30 20 28
61 29 81 70 2 86 41 0 76 8 60 3 62 51 34 8 63 46 67 76
26 23 53 24 53 83 32 76 0 32 91 41 44 72 42 11 7 92 5 77
86 63 84 18 8 48 4 8 32 0 6 91 98 60 93 21 25 74 19 2
65 99 71 67 16 25 68 60 91 6 0 2 12 56 52 78 1 61 42 43
54 35 69 62 44 30 49 3 41 91 2 0 66 19 29 54 6 56 65 5
7 29 4 16 46 6 30 62 44 98 12 66 0 60 90 38 91 38 71 19
47 85 27 64 10 49 59 51 72 60 56 19 60 0 51 39 59 32 55 94
50 24 26 89 55 67 78 34 42 93 52 29 90 51 0 62 21 3 19 50
51 91 52 51 44 18 37 8 11 21 78 54 38 39 62 0 43 79 82 86
4 33 46 68 80 5 12 63 7 25 1 6 91 59 21 43 0 81 54 4
79 20 88 89 8 21 30 46 92 74 61 56 38 32 3 79 81 0 76 65
4 89 97 78 63 28 20 67 5 19 42 65 71 55 19 82 54 76 0 95
99 8 86 8 71 32 28 76 77 2 43 5 19 94 50 86 4 65 95 0