10
0 4 82 19 77 89 77 51 75 32
4 0 5 49 25 25 1 47 35 90
82 5 0 57 37 55 57 74 36 35
19 49 57 0 2 22 11 25 98 71
77 25 37 2 0 11 33 63 55 73
89 25 55 22 11 0 83 72 35 85
77 1 57 11 33 83 0 13 4 71
51 47 74 25 63 72 13 0 18 77
75 35 36 98 55 35 4 18 0 63
32 90 35 71 73 85 71 77 63 0