30
0 20 60 64 26 37 86 8 11 90 1 57 1 12 42 16 64 70 7 29 78 47 52 72 37 84 99 34 31 51
20 0 18 88 93 35 48 54 76 61 75 89 35 48 28 60 39 39 76 18 94 64 83 38 39 29 24 19 4 36
60 18 0 5 64 28 12 96 9 25 5 95 17 16 2 4 37 5 18 1 88 71 7 2 3 2 12 94 93 89
64 88 5 0 86 59 52 45 8 41 92 39 71 52 52 51 91 23 84 77 71 30 51 55 18 44 17 74 19 78
26 93 64 86 0 2 70 64 49 58 76 92 69 50 49 5 14 96 61 38 77 64 95 71 95 70 63 88 76 63
37 35 28 59 2 0 46 97 89 38 71 48 4 14 9 98 66 6 58 11 86 91 45 90 60 45 72 34 26 72
86 48 12 52 70 46 0 24 69 12 3 71 41 2 35 75 30 91 76 86 61 27 85 83 96 39 52 31 10 4
8 54 96 45 64 97 24 0 88 25 86 15 95 3 81 76 92 65 28 70 6 54 44 82 91 26 65 10 53 41
11 76 9 8 49 89 69 88 0 69 65 46 31 44 10 60 63 70 92 2 61 32 29 34 12 73 49 71 36 56
90 61 25 41 58 38 12 25 69 0 88 98 22 7 82 18 1 5 75 65 16 23 97 63 8 16 44 51 73 52
1 75 5 92 76 71 3 86 65 88 0 51 68 83 69 7 37 45 77 80 35 45 44 17 61 50 35 80 62 78
57 89 95 39 92 48 71 15 46 98 51 0 98 12 76 66 29 20 81 18 34 46 59 51 10 79 17 56 47 26
1 35 17 71 69 4 41 95 31 22 68 98 0 55 53 27 2 77 69 10 86 27 59 41 10 3 22 50 52 34
12 48 16 52 50 14 2 3 44 7 83 12 55 0 13 81 27 51 43 80 37 5 26 41 46 98 32 39 12 84
42 28 2 52 49 9 35 81 10 82 69 76 53 13 0 74 78 44 49 42 23 3 77 94 21 38 33 13 68 21
16 60 4 51 5 98 75 76 60 18 7 66 27 81 74 0 83 59 23 3 11 4 58 64 83 61 88 89 38 28
64 39 37 91 14 66 30 92 63 1 37 29 2 27 78 83 0 13 47 67 26 57 20 42 78 14 45 87 85 66
70 39 5 23 96 6 91 65 70 5 45 20 77 51 44 59 13 0 77 32 79 80 76 94 38 36 85 90 64 30
7 76 18 84 61 58 76 28 92 75 77 81 69 43 49 23 47 77 0 96 11 3 99 97 26 23 17 20 41 60
29 18 1 77 38 11 86 70 2 65 80 18 10 80 42 3 67 32 96 0 60 19 24 66 52 74 31 30 42 18
78 94 88 71 77 86 61 6 61 16 35 34 86 37 23 11 26 79 11 60 0 34 25 59 26 77 27 46 73 51
47 64 71 30 64 91 27 54 32 23 45 46 27 5 3 4 57 80 3 19 34 0 28 42 85 63 69 90 40 67
52 83 7 51 95 45 85 44 29 97 44 59 59 26 77 58 20 76 99 24 25 28 0 10 69 74 95 73 57 80
72 38 2 55 71 90 83 82 34 63 17 51 41 41 94 64 42 94 97 66 59 42 10 0 11 97 95 56 11 3
37 39 3 18 95 60 96 91 12 8 61 10 10 46 21 83 78 38 26 52 26 85 69 11 0 69 26 20 60 36
84 29 2 44 70 45 39 26 73 16 50 79 3 98 38 61 14 36 23 74 77 63 74 97 69 0 67 64 3 86
99 24 12 17 63 72 52 65 49 44 35 17 22 32 33 88 45 85 17 31 27 69 95 95 26 67 0 52 78 68
34 19 94 74 88 34 31 10 71 51 80 56 50 39 13 89 87 90 20 30 46 90 73 56 20 64 52 0 70 49
31 4 93 19 76 26 10 53 36 73 62 47 52 12 68 38 85 64 41 42 73 40 57 11 60 3 78 70 0 69
51 36 89 78 63 72 4 41 56 52 78 26 34 84 21 28 66 30 60 18 51 67 80 3 36 86 68 49 69 0