15
0 37 32 48 53 1 23 75 98 4 70 34 32 7 13
37 0 64 73 28 53 89 11 50 63 57 39 32 70 71
32 64 0 8 46 13 74 96 24 96 1 21 69 31 37
48 73 8 0 19 58 27 40 66 13 12 15 82 49 83
53 28 46 19 0 12 28 63 67 50 73 79 94 85 73
1 53 13 58 12 0 17 5 66 44 69 50 82 86 90
23 89 74 27 28 17 0 80 70 49 86 16 59 63 1
75 11 96 40 63 5 80 0 27 92 19 85 40 18 68
98 50 24 66 67 66 70 27 0 96 16 74 33 48 72
4 63 96 13 50 44 49 92 96 0 75 84 14 25 4
70 57 1 12 73 69 86 19 16 75 0 65 40 31 43
34 39 21 15 79 50 16 85 74 84 65 0 68 23 40
32 32 69 82 94 82 59 40 33 14 40 68 0 80 13
7 70 31 49 85 86 63 18 48 25 31 23 80 0 30
13 71 37 83 73 90 1 68 72 4 43 40 13 30 0